5.282153274345053884e-01
5.011512130046845703e-01
6.622045985187662298e-01
5.737190291588363245e-01
9.732508071137115913e-01
7.934424315574316600e-01
7.986232381912379275e-01
6.411608876906959020e-01
9.635990321829255301e-01
6.789740367268868315e-01
5.190827758254211721e-01
6.692129317402765176e-01
7.126073200740250524e-01
6.516768934150047876e-01
5.096430241822544893e-01
8.978472616477835011e-01
6.295143063376793524e-01
9.842235447507290402e-01
9.633453537776555109e-01
9.430348494025344586e-01
9.127794496827232873e-01
8.620023214720214932e-01
8.706264049209582190e-01
9.558402987297225373e-01
5.717271506853925933e-01
8.204985525309067551e-01
5.067858500996285098e-01
5.194610848985545815e-01
9.250865041421670876e-01
7.793989335085307335e-01
6.260559062664696750e-01
5.264276704649835104e-01
8.821430484705460318e-01
6.243199895918954967e-01
6.873904039336977689e-01
7.134113278324326624e-01
7.290298851893677323e-01
7.761984683096141424e-01
9.949063059251908037e-01
9.504721868568761778e-01
5.535130568490465031e-01
5.277905247372236541e-01
5.140821974563559715e-01
6.062162167848561545e-01
9.598528334402047779e-01
6.710075364254886043e-01
8.571313137877260013e-01
5.021130990102004032e-01
9.402841933155627885e-01
9.246794234062836182e-01
8.902931308657340281e-01
6.345352997170158327e-01
7.567561602360016737e-01
8.948526646622544378e-01
5.753695209467788452e-01
6.183669124463686551e-01
9.579284124491418417e-01
5.707388798007879682e-01
7.674822436033394979e-01
6.169490087430796743e-01
7.887496993189035965e-01
8.862442341216706376e-01
8.169341628408711697e-01
7.007205670000056230e-01
5.214172777881266319e-01
6.863320983097644934e-01
5.419831952990333823e-01
9.178444469178503873e-01
8.036587485329919067e-01
7.142806907819776452e-01
9.670013189070443271e-01
5.962985440689636540e-01
7.867831917471657110e-01
8.164909330000376109e-01
5.078790445586547353e-01
8.509850999223788071e-01
6.882231991325094000e-01
5.228921910217118052e-01
8.720225484749576372e-01
5.205063937168338262e-01
9.879323445427679040e-01
7.669266293576215698e-01
7.520617495985972845e-01
9.994998097077532062e-01
7.874345166445091415e-01
9.430124913291413336e-01
5.611273693350408154e-01
9.111848297847382483e-01
8.677977789143909160e-01
6.203799668784990562e-01
8.107703867060436220e-01
8.861276266480654362e-01
8.154562704540024853e-01
9.218848889322295292e-01
9.698786952270146422e-01
8.474794284333423411e-01
6.950283163207817694e-01
8.371346684739913169e-01
7.583975067476953491e-01
7.261807512035944878e-01
5.538427456735663945e-01
6.633553133868230756e-01
7.152753570265198979e-01
8.269009321842509808e-01
5.233890381925654367e-01
8.947316881862463767e-01
9.884378534925221116e-01
7.614048289263229963e-01
5.020619855759396177e-01
5.669807851470716198e-01
6.345444888776953229e-01
7.602641403177183843e-01
5.446183311964261087e-01
6.633084306898544558e-01
6.940575319484312278e-01
5.685639621246195707e-01
9.324546218014047039e-01
5.276422002576540704e-01
7.387217556978438182e-01
7.082045364282198996e-01
8.818415213977959244e-01
9.937603416461338046e-01
8.347493040881159843e-01
6.599431408824210088e-01
5.315096911933663293e-01
5.445936512861055956e-01
7.907170416507165456e-01
6.346188360468922873e-01
9.670448249072001179e-01
5.436610752221611165e-01
9.358722033101543047e-01
6.208833434539768881e-01
8.294905053412304774e-01
8.805657808917117801e-01
9.419736344413855988e-01
9.801550355986718976e-01
6.055735705576807959e-01
8.925421022109035762e-01
9.160100859579695110e-01
7.094244972463188414e-01
9.261882079508686472e-01
8.992311688538749959e-01
7.013909819231084475e-01
5.095208801649344643e-01
8.531514233301180639e-01
8.152071932312769942e-01
5.771861319921205435e-01
5.922937276581478061e-01
5.185452490050697083e-01
6.662057127841480852e-01
6.451726416458667401e-01
6.048470764505013975e-01
5.529347337638031989e-01
7.654376228666637250e-01
7.331012614527285809e-01
5.452906221910257534e-01
5.565609467493202178e-01
7.117023467482013199e-01
6.323909224682153774e-01
8.903355526693581545e-01
5.790364424735716664e-01
9.206749750747400540e-01
6.730773741561755230e-01
5.171318855503351797e-01
9.857684209390809027e-01
7.934265585009609989e-01
6.052937669417843836e-01
6.679860000858370839e-01
6.807082092901641790e-01
5.394067501315753521e-01
8.740814479045811991e-01
9.121018322449859772e-01
8.917400864914825087e-01
7.460523315126663668e-01
7.014071956917542483e-01
9.021736823425194896e-01
7.474444026550055575e-01
8.876769376211652851e-01
5.300882683809757800e-01
6.806090291929230984e-01
8.993520227391449406e-01
5.880906678518028619e-01
8.023955541717271434e-01
9.192522517242455171e-01
7.410549855543546727e-01
8.120257429624403445e-01
6.853696323400304546e-01
7.654998216608275285e-01
8.568810414652097140e-01
9.561849392528685154e-01
7.911269401668801216e-01
7.559182769055250439e-01
9.681990847267560873e-01
6.459583373190145306e-01
9.975705525759318570e-01
8.612316432503690500e-01
7.662764995020504566e-01
5.426539992045646965e-01
5.397221495613889752e-01
9.425798995985852358e-01
8.069842236998693297e-01
7.370071726855180749e-01
7.856822882691814058e-01
6.251778319926957206e-01
6.786458962290964347e-01
9.077498258639939976e-01
7.238909678314688900e-01
8.199806999542923469e-01
8.252915399348418335e-01
9.294730749502765343e-01
8.690889117801297026e-01
5.469363647526208627e-01
6.730724924499993378e-01
8.210613393344463606e-01
9.137769455335027491e-01
9.020936147469864608e-01
5.132935549688629751e-01
8.670120593890238148e-01
7.851441185432435077e-01
5.941983861348515417e-01
9.290496756384509780e-01
8.224449180522837022e-01
9.355287054973564498e-01
6.679629759472498485e-01
6.474183339560531936e-01
7.230439305444229525e-01
8.719077651806126372e-01
8.608226925963996523e-01
5.631097628819179413e-01
9.940789815582671274e-01
9.643150370183499742e-01
6.987586618773324876e-01
7.374305618968691745e-01
5.798445473211659706e-01
6.092305132831277170e-01
6.355323256751892469e-01
6.531788143129633184e-01
7.268832827313873590e-01
5.065158682237905774e-01
9.421050285013300440e-01
5.227784141539006946e-01
6.712496883577703244e-01
6.490752535197252815e-01
7.348318791523222870e-01
5.563539642096428928e-01
7.635165070763660911e-01
8.200703266994346929e-01
8.944926648677188341e-01
6.255851610706513188e-01
9.815251151571812160e-01
9.525249709528753606e-01
8.128369444551024614e-01
9.912818542282504364e-01
5.435616803384409890e-01
9.172916349354013343e-01
5.680140467183922848e-01
